(kicad_pcb (version 20171130) (host pcbnew "(5.1.5)-3")

  (general
    (thickness 1.6)
    (drawings 18)
    (tracks 261)
    (zones 0)
    (modules 40)
    (nets 30)
  )

  (page A4)
  (title_block
    (date 2019-09-29)
  )

  (layers
    (0 F.Cu signal)
    (31 B.Cu signal)
    (32 B.Adhes user hide)
    (33 F.Adhes user hide)
    (34 B.Paste user hide)
    (35 F.Paste user hide)
    (36 B.SilkS user)
    (37 F.SilkS user hide)
    (38 B.Mask user hide)
    (39 F.Mask user hide)
    (40 Dwgs.User user hide)
    (41 Cmts.User user hide)
    (42 Eco1.User user hide)
    (43 Eco2.User user hide)
    (44 Edge.Cuts user)
    (45 Margin user hide)
    (46 B.CrtYd user hide)
    (47 F.CrtYd user hide)
    (48 B.Fab user hide)
    (49 F.Fab user hide)
  )

  (setup
    (last_trace_width 0.3)
    (user_trace_width 0.25)
    (user_trace_width 0.3)
    (user_trace_width 0.5)
    (user_trace_width 1)
    (trace_clearance 0.25)
    (zone_clearance 0.31)
    (zone_45_only no)
    (trace_min 0.2)
    (via_size 0.8)
    (via_drill 0.6)
    (via_min_size 0.8)
    (via_min_drill 0.6)
    (user_via 0.8 0.6)
    (uvia_size 0.3)
    (uvia_drill 0.1)
    (uvias_allowed no)
    (uvia_min_size 0.2)
    (uvia_min_drill 0.1)
    (edge_width 0.1)
    (segment_width 0.15)
    (pcb_text_width 0.3)
    (pcb_text_size 1.5 1.5)
    (mod_edge_width 0.15)
    (mod_text_size 1 1)
    (mod_text_width 0.15)
    (pad_size 1.7 1.7)
    (pad_drill 1)
    (pad_to_mask_clearance 0)
    (solder_mask_min_width 0.25)
    (aux_axis_origin 132.715 115.57)
    (grid_origin 132.715 115.57)
    (visible_elements 7FFFFFFF)
    (pcbplotparams
      (layerselection 0x00030_80000001)
      (usegerberextensions false)
      (usegerberattributes false)
      (usegerberadvancedattributes false)
      (creategerberjobfile false)
      (excludeedgelayer true)
      (linewidth 0.100000)
      (plotframeref false)
      (viasonmask false)
      (mode 1)
      (useauxorigin false)
      (hpglpennumber 1)
      (hpglpenspeed 20)
      (hpglpendiameter 15.000000)
      (psnegative false)
      (psa4output false)
      (plotreference true)
      (plotvalue true)
      (plotinvisibletext false)
      (padsonsilk false)
      (subtractmaskfromsilk false)
      (outputformat 1)
      (mirror false)
      (drillshape 1)
      (scaleselection 1)
      (outputdirectory ""))
  )

  (net 0 "")
  (net 1 GND)
  (net 2 /2)
  (net 3 "/3(**)")
  (net 4 /4)
  (net 5 "/6(**)")
  (net 6 /8)
  (net 7 VCC)
  (net 8 /A5)
  (net 9 /A4)
  (net 10 /A3)
  (net 11 /A2)
  (net 12 /A1)
  (net 13 /A0)
  (net 14 /A7)
  (net 15 /A6)
  (net 16 "Net-(P16-Pad3)")
  (net 17 "Net-(P16-Pad4)")
  (net 18 /RAW)
  (net 19 "Net-(P6-Pad1)")
  (net 20 "/0(Rx)")
  (net 21 "Net-(P5-Pad3)")
  (net 22 "Net-(P6-Pad2)")
  (net 23 /SEQ1)
  (net 24 /SEQ4)
  (net 25 /SEQ3)
  (net 26 /SEQ2)
  (net 27 "Net-(P16-Pad5)")
  (net 28 "Net-(C7-Pad1)")
  (net 29 "Net-(C14-Pad1)")

  (net_class Default "This is the default net class."
    (clearance 0.25)
    (trace_width 0.3)
    (via_dia 0.8)
    (via_drill 0.6)
    (uvia_dia 0.3)
    (uvia_drill 0.1)
    (add_net "/0(Rx)")
    (add_net /2)
    (add_net "/3(**)")
    (add_net /4)
    (add_net "/6(**)")
    (add_net /8)
    (add_net /A0)
    (add_net /A1)
    (add_net /A2)
    (add_net /A3)
    (add_net /A4)
    (add_net /A5)
    (add_net /A6)
    (add_net /A7)
    (add_net /SEQ1)
    (add_net /SEQ2)
    (add_net /SEQ3)
    (add_net /SEQ4)
    (add_net "Net-(C14-Pad1)")
    (add_net "Net-(C7-Pad1)")
    (add_net "Net-(P16-Pad3)")
    (add_net "Net-(P16-Pad4)")
    (add_net "Net-(P16-Pad5)")
    (add_net "Net-(P5-Pad3)")
    (add_net "Net-(P6-Pad1)")
    (add_net "Net-(P6-Pad2)")
  )

  (net_class ALIM ""
    (clearance 0.25)
    (trace_width 0.5)
    (via_dia 0.8)
    (via_drill 0.6)
    (uvia_dia 0.3)
    (uvia_drill 0.1)
    (add_net /RAW)
    (add_net GND)
    (add_net VCC)
  )

  (module Socket_Arduino_Pro_Mini:Socket_Strip_Arduino_1x12 locked (layer F.Cu) (tedit 55216A20) (tstamp 5D73E3BE)
    (at 138.43 85.09 270)
    (descr "Through hole socket strip")
    (tags "socket strip")
    (path /56D754D1)
    (fp_text reference P1 (at -1.397 2.667) (layer F.SilkS)
      (effects (font (size 1 1) (thickness 0.15)))
    )
    (fp_text value Digital (at 13.97 -2.159 270) (layer F.Fab)
      (effects (font (size 1 1) (thickness 0.15)))
    )
    (fp_line (start 1.27 -1.27) (end -1.27 -1.27) (layer F.SilkS) (width 0.15))
    (fp_line (start -1.27 -1.27) (end -1.27 1.27) (layer F.SilkS) (width 0.15))
    (fp_line (start -1.27 1.27) (end 1.27 1.27) (layer F.SilkS) (width 0.15))
    (fp_line (start -1.75 -1.75) (end -1.75 1.75) (layer F.CrtYd) (width 0.05))
    (fp_line (start 29.7 -1.75) (end 29.7 1.75) (layer F.CrtYd) (width 0.05))
    (fp_line (start -1.75 -1.75) (end 29.7 -1.75) (layer F.CrtYd) (width 0.05))
    (fp_line (start -1.75 1.75) (end 29.7 1.75) (layer F.CrtYd) (width 0.05))
    (fp_line (start 1.27 1.27) (end 29.21 1.27) (layer F.SilkS) (width 0.15))
    (fp_line (start 29.21 1.27) (end 29.21 -1.27) (layer F.SilkS) (width 0.15))
    (fp_line (start 29.21 -1.27) (end 1.27 -1.27) (layer F.SilkS) (width 0.15))
    (fp_line (start 1.27 1.27) (end 1.27 -1.27) (layer F.SilkS) (width 0.15))
    (pad 1 thru_hole oval (at 0 0 270) (size 1.7272 2.032) (drill 1.016) (layers *.Cu *.Mask F.SilkS))
    (pad 2 thru_hole oval (at 2.54 0 270) (size 1.7272 2.032) (drill 1.016) (layers *.Cu *.Mask F.SilkS)
      (net 20 "/0(Rx)"))
    (pad 3 thru_hole oval (at 5.08 0 270) (size 1.7272 2.032) (drill 1.016) (layers *.Cu *.Mask F.SilkS))
    (pad 4 thru_hole oval (at 7.62 0 270) (size 1.7272 2.032) (drill 1.016) (layers *.Cu *.Mask F.SilkS)
      (net 1 GND))
    (pad 5 thru_hole oval (at 10.16 0 270) (size 1.7272 2.032) (drill 1.016) (layers *.Cu *.Mask F.SilkS)
      (net 2 /2))
    (pad 6 thru_hole oval (at 12.7 0 270) (size 1.7272 2.032) (drill 1.016) (layers *.Cu *.Mask F.SilkS)
      (net 3 "/3(**)"))
    (pad 7 thru_hole oval (at 15.24 0 270) (size 1.7272 2.032) (drill 1.016) (layers *.Cu *.Mask F.SilkS)
      (net 4 /4))
    (pad 8 thru_hole oval (at 17.78 0 270) (size 1.7272 2.032) (drill 1.016) (layers *.Cu *.Mask F.SilkS))
    (pad 9 thru_hole oval (at 20.32 0 270) (size 1.7272 2.032) (drill 1.016) (layers *.Cu *.Mask F.SilkS)
      (net 5 "/6(**)"))
    (pad 10 thru_hole oval (at 22.86 0 270) (size 1.7272 2.032) (drill 1.016) (layers *.Cu *.Mask F.SilkS))
    (pad 11 thru_hole oval (at 25.4 0 270) (size 1.7272 2.032) (drill 1.016) (layers *.Cu *.Mask F.SilkS)
      (net 6 /8))
    (pad 12 thru_hole oval (at 27.94 0 270) (size 1.7272 2.032) (drill 1.016) (layers *.Cu *.Mask F.SilkS)
      (net 23 /SEQ1))
  )

  (module Socket_Arduino_Pro_Mini:Socket_Strip_Arduino_1x02 locked (layer F.Cu) (tedit 55211235) (tstamp 552111F2)
    (at 151.13 93.98 270)
    (descr "Through hole socket strip")
    (tags "socket strip")
    (path /56D74FB3)
    (fp_text reference P3 (at 5.334 0.127) (layer F.SilkS)
      (effects (font (size 1 1) (thickness 0.15)))
    )
    (fp_text value ADC (at -1.524 -1.651 270) (layer F.Fab)
      (effects (font (size 1 1) (thickness 0.15)))
    )
    (fp_line (start 1.27 -1.27) (end -1.27 -1.27) (layer F.SilkS) (width 0.15))
    (fp_line (start -1.27 -1.27) (end -1.27 1.27) (layer F.SilkS) (width 0.15))
    (fp_line (start -1.27 1.27) (end 1.27 1.27) (layer F.SilkS) (width 0.15))
    (fp_line (start 3.81 1.27) (end 1.27 1.27) (layer F.SilkS) (width 0.15))
    (fp_line (start -1.75 -1.75) (end -1.75 1.75) (layer F.CrtYd) (width 0.05))
    (fp_line (start 4.3 -1.75) (end 4.3 1.75) (layer F.CrtYd) (width 0.05))
    (fp_line (start -1.75 -1.75) (end 4.3 -1.75) (layer F.CrtYd) (width 0.05))
    (fp_line (start -1.75 1.75) (end 4.3 1.75) (layer F.CrtYd) (width 0.05))
    (fp_line (start 1.27 1.27) (end 1.27 -1.27) (layer F.SilkS) (width 0.15))
    (fp_line (start 1.27 -1.27) (end 3.81 -1.27) (layer F.SilkS) (width 0.15))
    (fp_line (start 3.81 -1.27) (end 3.81 1.27) (layer F.SilkS) (width 0.15))
    (pad 1 thru_hole circle (at 0 0 270) (size 1.778 1.778) (drill 1.016) (layers *.Cu *.Mask F.SilkS)
      (net 8 /A5))
    (pad 2 thru_hole circle (at 2.54 0 270) (size 1.778 1.778) (drill 1.016) (layers *.Cu *.Mask F.SilkS)
      (net 9 /A4))
  )

  (module Socket_Arduino_Pro_Mini:Socket_Strip_Arduino_1x12 locked (layer F.Cu) (tedit 5D73CB52) (tstamp 5521120D)
    (at 153.67 85.09 270)
    (descr "Through hole socket strip")
    (tags "socket strip")
    (path /56D755F3)
    (fp_text reference P2 (at -1.524 -2.413) (layer F.SilkS)
      (effects (font (size 1 1) (thickness 0.15)))
    )
    (fp_text value Analog (at 7.112 2.54 270) (layer F.Fab)
      (effects (font (size 1 1) (thickness 0.15)))
    )
    (fp_line (start 1.27 -1.27) (end -1.27 -1.27) (layer F.SilkS) (width 0.15))
    (fp_line (start -1.27 -1.27) (end -1.27 1.27) (layer F.SilkS) (width 0.15))
    (fp_line (start -1.27 1.27) (end 1.27 1.27) (layer F.SilkS) (width 0.15))
    (fp_line (start -1.75 -1.75) (end -1.75 1.75) (layer F.CrtYd) (width 0.05))
    (fp_line (start 29.7 -1.75) (end 29.7 1.75) (layer F.CrtYd) (width 0.05))
    (fp_line (start -1.75 -1.75) (end 29.7 -1.75) (layer F.CrtYd) (width 0.05))
    (fp_line (start -1.75 1.75) (end 29.7 1.75) (layer F.CrtYd) (width 0.05))
    (fp_line (start 1.27 1.27) (end 29.21 1.27) (layer F.SilkS) (width 0.15))
    (fp_line (start 29.21 1.27) (end 29.21 -1.27) (layer F.SilkS) (width 0.15))
    (fp_line (start 29.21 -1.27) (end 1.27 -1.27) (layer F.SilkS) (width 0.15))
    (fp_line (start 1.27 1.27) (end 1.27 -1.27) (layer F.SilkS) (width 0.15))
    (pad 1 thru_hole oval (at 0 0 270) (size 1.7272 2.032) (drill 1.016) (layers *.Cu *.Mask F.SilkS)
      (net 18 /RAW))
    (pad 2 thru_hole oval (at 2.54 0 270) (size 1.7272 2.032) (drill 1.016) (layers *.Cu *.Mask F.SilkS)
      (net 1 GND))
    (pad 3 thru_hole oval (at 5.08 0 270) (size 1.7272 2.032) (drill 1.016) (layers *.Cu *.Mask F.SilkS))
    (pad 4 thru_hole oval (at 7.62 0 270) (size 1.7272 2.032) (drill 1.016) (layers *.Cu *.Mask F.SilkS)
      (net 7 VCC))
    (pad 5 thru_hole oval (at 10.16 0 270) (size 1.7272 2.032) (drill 1.016) (layers *.Cu *.Mask F.SilkS)
      (net 10 /A3))
    (pad 6 thru_hole oval (at 12.7 0 270) (size 1.7272 2.032) (drill 1.016) (layers *.Cu *.Mask F.SilkS)
      (net 11 /A2))
    (pad 7 thru_hole oval (at 15.24 0 270) (size 1.7272 2.032) (drill 1.016) (layers *.Cu *.Mask F.SilkS)
      (net 12 /A1))
    (pad 8 thru_hole oval (at 17.78 0 270) (size 1.7272 2.032) (drill 1.016) (layers *.Cu *.Mask F.SilkS)
      (net 13 /A0))
    (pad 9 thru_hole oval (at 20.32 0 270) (size 1.7272 2.032) (drill 1.016) (layers *.Cu *.Mask F.SilkS))
    (pad 10 thru_hole oval (at 22.86 0 270) (size 1.7272 2.032) (drill 1.016) (layers *.Cu *.Mask F.SilkS)
      (net 24 /SEQ4))
    (pad 11 thru_hole oval (at 25.4 0 270) (size 1.7272 2.032) (drill 1.016) (layers *.Cu *.Mask F.SilkS)
      (net 25 /SEQ3))
    (pad 12 thru_hole oval (at 27.94 0 270) (size 1.7272 2.032) (drill 1.016) (layers *.Cu *.Mask F.SilkS)
      (net 26 /SEQ2))
  )

  (module Socket_Arduino_Pro_Mini:Socket_Strip_Arduino_1x02 locked (layer F.Cu) (tedit 5D73CB99) (tstamp 55211431)
    (at 151.13 104.14 270)
    (descr "Through hole socket strip")
    (tags "socket strip")
    (path /56D7505C)
    (fp_text reference P4 (at -2.032 0) (layer F.SilkS)
      (effects (font (size 1 1) (thickness 0.15)))
    )
    (fp_text value ADC (at -2.667 0 270) (layer F.Fab)
      (effects (font (size 1 1) (thickness 0.15)))
    )
    (fp_line (start 1.27 -1.27) (end -1.27 -1.27) (layer F.SilkS) (width 0.15))
    (fp_line (start -1.27 -1.27) (end -1.27 1.27) (layer F.SilkS) (width 0.15))
    (fp_line (start -1.27 1.27) (end 1.27 1.27) (layer F.SilkS) (width 0.15))
    (fp_line (start 3.81 1.27) (end 1.27 1.27) (layer F.SilkS) (width 0.15))
    (fp_line (start -1.75 -1.75) (end -1.75 1.75) (layer F.CrtYd) (width 0.05))
    (fp_line (start 4.3 -1.75) (end 4.3 1.75) (layer F.CrtYd) (width 0.05))
    (fp_line (start -1.75 -1.75) (end 4.3 -1.75) (layer F.CrtYd) (width 0.05))
    (fp_line (start -1.75 1.75) (end 4.3 1.75) (layer F.CrtYd) (width 0.05))
    (fp_line (start 1.27 1.27) (end 1.27 -1.27) (layer F.SilkS) (width 0.15))
    (fp_line (start 1.27 -1.27) (end 3.81 -1.27) (layer F.SilkS) (width 0.15))
    (fp_line (start 3.81 -1.27) (end 3.81 1.27) (layer F.SilkS) (width 0.15))
    (pad 1 thru_hole circle (at 0 0 270) (size 1.778 1.778) (drill 1.016) (layers *.Cu *.Mask F.SilkS)
      (net 14 /A7))
    (pad 2 thru_hole circle (at 2.54 0 270) (size 1.778 1.778) (drill 1.016) (layers *.Cu *.Mask F.SilkS)
      (net 15 /A6))
  )

  (module Empreintes:C_1206 (layer B.Cu) (tedit 58AA84B8) (tstamp 5DB080A4)
    (at 147.725 103.505 180)
    (descr "Capacitor SMD 1206, reflow soldering, AVX (see smccp.pdf)")
    (tags "capacitor 1206")
    (path /5DB08A38)
    (attr smd)
    (fp_text reference C1 (at -3.278 1.016 180) (layer B.SilkS)
      (effects (font (size 1 1) (thickness 0.15)) (justify mirror))
    )
    (fp_text value 100nF (at 0.024 -0.127 180) (layer B.Fab)
      (effects (font (size 1 1) (thickness 0.15)) (justify mirror))
    )
    (fp_line (start 2.25 -1.05) (end -2.25 -1.05) (layer B.CrtYd) (width 0.05))
    (fp_line (start 2.25 -1.05) (end 2.25 1.05) (layer B.CrtYd) (width 0.05))
    (fp_line (start -2.25 1.05) (end -2.25 -1.05) (layer B.CrtYd) (width 0.05))
    (fp_line (start -2.25 1.05) (end 2.25 1.05) (layer B.CrtYd) (width 0.05))
    (fp_line (start -1 -1.02) (end 1 -1.02) (layer B.SilkS) (width 0.12))
    (fp_line (start 1 1.02) (end -1 1.02) (layer B.SilkS) (width 0.12))
    (fp_line (start -1.6 0.8) (end 1.6 0.8) (layer B.Fab) (width 0.1))
    (fp_line (start 1.6 0.8) (end 1.6 -0.8) (layer B.Fab) (width 0.1))
    (fp_line (start 1.6 -0.8) (end -1.6 -0.8) (layer B.Fab) (width 0.1))
    (fp_line (start -1.6 -0.8) (end -1.6 0.8) (layer B.Fab) (width 0.1))
    (fp_text user %R (at 3.199 0 180) (layer B.Fab)
      (effects (font (size 1 1) (thickness 0.15)) (justify mirror))
    )
    (pad 2 smd rect (at 1.5 0 180) (size 1 1.6) (layers B.Cu B.Paste B.Mask)
      (net 1 GND))
    (pad 1 smd rect (at -1.5 0 180) (size 1 1.6) (layers B.Cu B.Paste B.Mask)
      (net 13 /A0))
    (model Capacitors_SMD.3dshapes/C_1206.wrl
      (at (xyz 0 0 0))
      (scale (xyz 1 1 1))
      (rotate (xyz 0 0 0))
    )
  )

  (module Empreintes:C_1206 (layer B.Cu) (tedit 58AA84B8) (tstamp 5DB085C2)
    (at 147.725 100.965 180)
    (descr "Capacitor SMD 1206, reflow soldering, AVX (see smccp.pdf)")
    (tags "capacitor 1206")
    (path /5DB1AE2B)
    (attr smd)
    (fp_text reference C2 (at -3.405 0 180) (layer B.SilkS)
      (effects (font (size 1 1) (thickness 0.15)) (justify mirror))
    )
    (fp_text value 100nF (at -0.103 -0.127 180) (layer B.Fab)
      (effects (font (size 1 1) (thickness 0.15)) (justify mirror))
    )
    (fp_text user %R (at 3.072 0 180) (layer B.Fab)
      (effects (font (size 1 1) (thickness 0.15)) (justify mirror))
    )
    (fp_line (start -1.6 -0.8) (end -1.6 0.8) (layer B.Fab) (width 0.1))
    (fp_line (start 1.6 -0.8) (end -1.6 -0.8) (layer B.Fab) (width 0.1))
    (fp_line (start 1.6 0.8) (end 1.6 -0.8) (layer B.Fab) (width 0.1))
    (fp_line (start -1.6 0.8) (end 1.6 0.8) (layer B.Fab) (width 0.1))
    (fp_line (start 1 1.02) (end -1 1.02) (layer B.SilkS) (width 0.12))
    (fp_line (start -1 -1.02) (end 1 -1.02) (layer B.SilkS) (width 0.12))
    (fp_line (start -2.25 1.05) (end 2.25 1.05) (layer B.CrtYd) (width 0.05))
    (fp_line (start -2.25 1.05) (end -2.25 -1.05) (layer B.CrtYd) (width 0.05))
    (fp_line (start 2.25 -1.05) (end 2.25 1.05) (layer B.CrtYd) (width 0.05))
    (fp_line (start 2.25 -1.05) (end -2.25 -1.05) (layer B.CrtYd) (width 0.05))
    (pad 1 smd rect (at -1.5 0 180) (size 1 1.6) (layers B.Cu B.Paste B.Mask)
      (net 12 /A1))
    (pad 2 smd rect (at 1.5 0 180) (size 1 1.6) (layers B.Cu B.Paste B.Mask)
      (net 1 GND))
    (model Capacitors_SMD.3dshapes/C_1206.wrl
      (at (xyz 0 0 0))
      (scale (xyz 1 1 1))
      (rotate (xyz 0 0 0))
    )
  )

  (module Empreintes:C_1206 (layer B.Cu) (tedit 58AA84B8) (tstamp 5DB080C6)
    (at 147.725 98.425 180)
    (descr "Capacitor SMD 1206, reflow soldering, AVX (see smccp.pdf)")
    (tags "capacitor 1206")
    (path /5DB20F69)
    (attr smd)
    (fp_text reference C3 (at -3.405 -0.127 180) (layer B.SilkS)
      (effects (font (size 1 1) (thickness 0.15)) (justify mirror))
    )
    (fp_text value 100nF (at 0.024 0 180) (layer B.Fab)
      (effects (font (size 1 1) (thickness 0.15)) (justify mirror))
    )
    (fp_line (start 2.25 -1.05) (end -2.25 -1.05) (layer B.CrtYd) (width 0.05))
    (fp_line (start 2.25 -1.05) (end 2.25 1.05) (layer B.CrtYd) (width 0.05))
    (fp_line (start -2.25 1.05) (end -2.25 -1.05) (layer B.CrtYd) (width 0.05))
    (fp_line (start -2.25 1.05) (end 2.25 1.05) (layer B.CrtYd) (width 0.05))
    (fp_line (start -1 -1.02) (end 1 -1.02) (layer B.SilkS) (width 0.12))
    (fp_line (start 1 1.02) (end -1 1.02) (layer B.SilkS) (width 0.12))
    (fp_line (start -1.6 0.8) (end 1.6 0.8) (layer B.Fab) (width 0.1))
    (fp_line (start 1.6 0.8) (end 1.6 -0.8) (layer B.Fab) (width 0.1))
    (fp_line (start 1.6 -0.8) (end -1.6 -0.8) (layer B.Fab) (width 0.1))
    (fp_line (start -1.6 -0.8) (end -1.6 0.8) (layer B.Fab) (width 0.1))
    (fp_text user %R (at 2.818 0 180) (layer B.Fab)
      (effects (font (size 1 1) (thickness 0.15)) (justify mirror))
    )
    (pad 2 smd rect (at 1.5 0 180) (size 1 1.6) (layers B.Cu B.Paste B.Mask)
      (net 1 GND))
    (pad 1 smd rect (at -1.5 0 180) (size 1 1.6) (layers B.Cu B.Paste B.Mask)
      (net 11 /A2))
    (model Capacitors_SMD.3dshapes/C_1206.wrl
      (at (xyz 0 0 0))
      (scale (xyz 1 1 1))
      (rotate (xyz 0 0 0))
    )
  )

  (module Empreintes:C_1206 (layer B.Cu) (tedit 58AA84B8) (tstamp 5DB080D7)
    (at 147.725 95.885 180)
    (descr "Capacitor SMD 1206, reflow soldering, AVX (see smccp.pdf)")
    (tags "capacitor 1206")
    (path /5DB20F70)
    (attr smd)
    (fp_text reference C4 (at 0 1.75 180) (layer B.SilkS)
      (effects (font (size 1 1) (thickness 0.15)) (justify mirror))
    )
    (fp_text value 100nF (at 0.024 0 180) (layer B.Fab)
      (effects (font (size 1 1) (thickness 0.15)) (justify mirror))
    )
    (fp_text user %R (at -0.357 1.651 180) (layer B.Fab)
      (effects (font (size 1 1) (thickness 0.15)) (justify mirror))
    )
    (fp_line (start -1.6 -0.8) (end -1.6 0.8) (layer B.Fab) (width 0.1))
    (fp_line (start 1.6 -0.8) (end -1.6 -0.8) (layer B.Fab) (width 0.1))
    (fp_line (start 1.6 0.8) (end 1.6 -0.8) (layer B.Fab) (width 0.1))
    (fp_line (start -1.6 0.8) (end 1.6 0.8) (layer B.Fab) (width 0.1))
    (fp_line (start 1 1.02) (end -1 1.02) (layer B.SilkS) (width 0.12))
    (fp_line (start -1 -1.02) (end 1 -1.02) (layer B.SilkS) (width 0.12))
    (fp_line (start -2.25 1.05) (end 2.25 1.05) (layer B.CrtYd) (width 0.05))
    (fp_line (start -2.25 1.05) (end -2.25 -1.05) (layer B.CrtYd) (width 0.05))
    (fp_line (start 2.25 -1.05) (end 2.25 1.05) (layer B.CrtYd) (width 0.05))
    (fp_line (start 2.25 -1.05) (end -2.25 -1.05) (layer B.CrtYd) (width 0.05))
    (pad 1 smd rect (at -1.5 0 180) (size 1 1.6) (layers B.Cu B.Paste B.Mask)
      (net 10 /A3))
    (pad 2 smd rect (at 1.5 0 180) (size 1 1.6) (layers B.Cu B.Paste B.Mask)
      (net 1 GND))
    (model Capacitors_SMD.3dshapes/C_1206.wrl
      (at (xyz 0 0 0))
      (scale (xyz 1 1 1))
      (rotate (xyz 0 0 0))
    )
  )

  (module Empreintes:CP_EIA-3216-18_Kemet-A_Pad1.58x1.35mm_HandSolder (layer B.Cu) (tedit 5B301BBE) (tstamp 5DB080EA)
    (at 157.48 85.8925 270)
    (descr "Tantalum Capacitor SMD Kemet-A (3216-18 Metric), IPC_7351 nominal, (Body size from: http://www.kemet.com/Lists/ProductCatalog/Attachments/253/KEM_TC101_STD.pdf), generated with kicad-footprint-generator")
    (tags "capacitor tantalum")
    (path /5DB4E0F7)
    (attr smd)
    (fp_text reference C5 (at -0.2945 -2.032) (layer B.SilkS)
      (effects (font (size 1 1) (thickness 0.15)) (justify mirror))
    )
    (fp_text value 10uF (at -0.0405 0 270) (layer B.Fab)
      (effects (font (size 1 1) (thickness 0.15)) (justify mirror))
    )
    (fp_text user %R (at -0.9295 1.397 270) (layer B.Fab)
      (effects (font (size 0.8 0.8) (thickness 0.12)) (justify mirror))
    )
    (fp_line (start 2.48 -1.05) (end -2.48 -1.05) (layer B.CrtYd) (width 0.05))
    (fp_line (start 2.48 1.05) (end 2.48 -1.05) (layer B.CrtYd) (width 0.05))
    (fp_line (start -2.48 1.05) (end 2.48 1.05) (layer B.CrtYd) (width 0.05))
    (fp_line (start -2.48 -1.05) (end -2.48 1.05) (layer B.CrtYd) (width 0.05))
    (fp_line (start -2.485 -0.935) (end 1.6 -0.935) (layer B.SilkS) (width 0.12))
    (fp_line (start -2.485 0.935) (end -2.485 -0.935) (layer B.SilkS) (width 0.12))
    (fp_line (start 1.6 0.935) (end -2.485 0.935) (layer B.SilkS) (width 0.12))
    (fp_line (start 1.6 -0.8) (end 1.6 0.8) (layer B.Fab) (width 0.1))
    (fp_line (start -1.6 -0.8) (end 1.6 -0.8) (layer B.Fab) (width 0.1))
    (fp_line (start -1.6 0.4) (end -1.6 -0.8) (layer B.Fab) (width 0.1))
    (fp_line (start -1.2 0.8) (end -1.6 0.4) (layer B.Fab) (width 0.1))
    (fp_line (start 1.6 0.8) (end -1.2 0.8) (layer B.Fab) (width 0.1))
    (pad 2 smd roundrect (at 1.4375 0 270) (size 1.575 1.35) (layers B.Cu B.Paste B.Mask) (roundrect_rratio 0.185185)
      (net 1 GND))
    (pad 1 smd roundrect (at -1.4375 0 270) (size 1.575 1.35) (layers B.Cu B.Paste B.Mask) (roundrect_rratio 0.185185)
      (net 18 /RAW))
    (model ${KISYS3DMOD}/Capacitor_Tantalum_SMD.3dshapes/CP_EIA-3216-18_Kemet-A.wrl
      (at (xyz 0 0 0))
      (scale (xyz 1 1 1))
      (rotate (xyz 0 0 0))
    )
  )

  (module Empreintes:CP_EIA-3216-18_Kemet-A_Pad1.58x1.35mm_HandSolder (layer F.Cu) (tedit 5B301BBE) (tstamp 5DB080FD)
    (at 158.5825 85.09 180)
    (descr "Tantalum Capacitor SMD Kemet-A (3216-18 Metric), IPC_7351 nominal, (Body size from: http://www.kemet.com/Lists/ProductCatalog/Attachments/253/KEM_TC101_STD.pdf), generated with kicad-footprint-generator")
    (tags "capacitor tantalum")
    (path /5DB70C72)
    (attr smd)
    (fp_text reference C6 (at -0.2945 1.651 180) (layer F.SilkS)
      (effects (font (size 1 1) (thickness 0.15)))
    )
    (fp_text value 10uF (at 0 -0.127 180) (layer F.Fab)
      (effects (font (size 1 1) (thickness 0.15)))
    )
    (fp_line (start 1.6 -0.8) (end -1.2 -0.8) (layer F.Fab) (width 0.1))
    (fp_line (start -1.2 -0.8) (end -1.6 -0.4) (layer F.Fab) (width 0.1))
    (fp_line (start -1.6 -0.4) (end -1.6 0.8) (layer F.Fab) (width 0.1))
    (fp_line (start -1.6 0.8) (end 1.6 0.8) (layer F.Fab) (width 0.1))
    (fp_line (start 1.6 0.8) (end 1.6 -0.8) (layer F.Fab) (width 0.1))
    (fp_line (start 1.6 -0.935) (end -2.485 -0.935) (layer F.SilkS) (width 0.12))
    (fp_line (start -2.485 -0.935) (end -2.485 0.935) (layer F.SilkS) (width 0.12))
    (fp_line (start -2.485 0.935) (end 1.6 0.935) (layer F.SilkS) (width 0.12))
    (fp_line (start -2.48 1.05) (end -2.48 -1.05) (layer F.CrtYd) (width 0.05))
    (fp_line (start -2.48 -1.05) (end 2.48 -1.05) (layer F.CrtYd) (width 0.05))
    (fp_line (start 2.48 -1.05) (end 2.48 1.05) (layer F.CrtYd) (width 0.05))
    (fp_line (start 2.48 1.05) (end -2.48 1.05) (layer F.CrtYd) (width 0.05))
    (fp_text user %R (at -0.0405 1.524 180) (layer F.Fab)
      (effects (font (size 0.8 0.8) (thickness 0.12)))
    )
    (pad 1 smd roundrect (at -1.4375 0 180) (size 1.575 1.35) (layers F.Cu F.Paste F.Mask) (roundrect_rratio 0.185185)
      (net 7 VCC))
    (pad 2 smd roundrect (at 1.4375 0 180) (size 1.575 1.35) (layers F.Cu F.Paste F.Mask) (roundrect_rratio 0.185185)
      (net 1 GND))
    (model ${KISYS3DMOD}/Capacitor_Tantalum_SMD.3dshapes/CP_EIA-3216-18_Kemet-A.wrl
      (at (xyz 0 0 0))
      (scale (xyz 1 1 1))
      (rotate (xyz 0 0 0))
    )
  )

  (module Empreintes:C_1206 (layer B.Cu) (tedit 58AA84B8) (tstamp 5DB0810E)
    (at 160.885 113.03)
    (descr "Capacitor SMD 1206, reflow soldering, AVX (see smccp.pdf)")
    (tags "capacitor 1206")
    (path /5DBC814C)
    (attr smd)
    (fp_text reference C7 (at 2.945 -0.127 90) (layer B.SilkS)
      (effects (font (size 1 1) (thickness 0.15)) (justify mirror))
    )
    (fp_text value 100nF (at -0.103 0) (layer B.Fab)
      (effects (font (size 1 1) (thickness 0.15)) (justify mirror))
    )
    (fp_line (start 2.25 -1.05) (end -2.25 -1.05) (layer B.CrtYd) (width 0.05))
    (fp_line (start 2.25 -1.05) (end 2.25 1.05) (layer B.CrtYd) (width 0.05))
    (fp_line (start -2.25 1.05) (end -2.25 -1.05) (layer B.CrtYd) (width 0.05))
    (fp_line (start -2.25 1.05) (end 2.25 1.05) (layer B.CrtYd) (width 0.05))
    (fp_line (start -1 -1.02) (end 1 -1.02) (layer B.SilkS) (width 0.12))
    (fp_line (start 1 1.02) (end -1 1.02) (layer B.SilkS) (width 0.12))
    (fp_line (start -1.6 0.8) (end 1.6 0.8) (layer B.Fab) (width 0.1))
    (fp_line (start 1.6 0.8) (end 1.6 -0.8) (layer B.Fab) (width 0.1))
    (fp_line (start 1.6 -0.8) (end -1.6 -0.8) (layer B.Fab) (width 0.1))
    (fp_line (start -1.6 -0.8) (end -1.6 0.8) (layer B.Fab) (width 0.1))
    (fp_text user %R (at 0 1.75) (layer B.Fab)
      (effects (font (size 1 1) (thickness 0.15)) (justify mirror))
    )
    (pad 2 smd rect (at 1.5 0) (size 1 1.6) (layers B.Cu B.Paste B.Mask)
      (net 1 GND))
    (pad 1 smd rect (at -1.5 0) (size 1 1.6) (layers B.Cu B.Paste B.Mask)
      (net 28 "Net-(C7-Pad1)"))
    (model Capacitors_SMD.3dshapes/C_1206.wrl
      (at (xyz 0 0 0))
      (scale (xyz 1 1 1))
      (rotate (xyz 0 0 0))
    )
  )

  (module Empreintes:C_1206 (layer F.Cu) (tedit 58AA84B8) (tstamp 5DB0811F)
    (at 160.02 102.005 90)
    (descr "Capacitor SMD 1206, reflow soldering, AVX (see smccp.pdf)")
    (tags "capacitor 1206")
    (path /5DB95056)
    (attr smd)
    (fp_text reference C8 (at 1.802 -1.397 90) (layer F.SilkS)
      (effects (font (size 1 1) (thickness 0.15)))
    )
    (fp_text value 100nF (at 0.024 0.127 90) (layer F.Fab)
      (effects (font (size 1 1) (thickness 0.15)))
    )
    (fp_text user %R (at 0.151 -1.27 90) (layer F.Fab)
      (effects (font (size 1 1) (thickness 0.15)))
    )
    (fp_line (start -1.6 0.8) (end -1.6 -0.8) (layer F.Fab) (width 0.1))
    (fp_line (start 1.6 0.8) (end -1.6 0.8) (layer F.Fab) (width 0.1))
    (fp_line (start 1.6 -0.8) (end 1.6 0.8) (layer F.Fab) (width 0.1))
    (fp_line (start -1.6 -0.8) (end 1.6 -0.8) (layer F.Fab) (width 0.1))
    (fp_line (start 1 -1.02) (end -1 -1.02) (layer F.SilkS) (width 0.12))
    (fp_line (start -1 1.02) (end 1 1.02) (layer F.SilkS) (width 0.12))
    (fp_line (start -2.25 -1.05) (end 2.25 -1.05) (layer F.CrtYd) (width 0.05))
    (fp_line (start -2.25 -1.05) (end -2.25 1.05) (layer F.CrtYd) (width 0.05))
    (fp_line (start 2.25 1.05) (end 2.25 -1.05) (layer F.CrtYd) (width 0.05))
    (fp_line (start 2.25 1.05) (end -2.25 1.05) (layer F.CrtYd) (width 0.05))
    (pad 1 smd rect (at -1.5 0 90) (size 1 1.6) (layers F.Cu F.Paste F.Mask)
      (net 15 /A6))
    (pad 2 smd rect (at 1.5 0 90) (size 1 1.6) (layers F.Cu F.Paste F.Mask)
      (net 1 GND))
    (model Capacitors_SMD.3dshapes/C_1206.wrl
      (at (xyz 0 0 0))
      (scale (xyz 1 1 1))
      (rotate (xyz 0 0 0))
    )
  )

  (module Empreintes:C_1206 (layer F.Cu) (tedit 58AA84B8) (tstamp 5DB08130)
    (at 160.885 113.03)
    (descr "Capacitor SMD 1206, reflow soldering, AVX (see smccp.pdf)")
    (tags "capacitor 1206")
    (path /5DB8DBAA)
    (attr smd)
    (fp_text reference C9 (at 3.199 0.127) (layer F.SilkS)
      (effects (font (size 1 1) (thickness 0.15)))
    )
    (fp_text value 100nF (at 0 2) (layer F.Fab)
      (effects (font (size 1 1) (thickness 0.15)))
    )
    (fp_line (start 2.25 1.05) (end -2.25 1.05) (layer F.CrtYd) (width 0.05))
    (fp_line (start 2.25 1.05) (end 2.25 -1.05) (layer F.CrtYd) (width 0.05))
    (fp_line (start -2.25 -1.05) (end -2.25 1.05) (layer F.CrtYd) (width 0.05))
    (fp_line (start -2.25 -1.05) (end 2.25 -1.05) (layer F.CrtYd) (width 0.05))
    (fp_line (start -1 1.02) (end 1 1.02) (layer F.SilkS) (width 0.12))
    (fp_line (start 1 -1.02) (end -1 -1.02) (layer F.SilkS) (width 0.12))
    (fp_line (start -1.6 -0.8) (end 1.6 -0.8) (layer F.Fab) (width 0.1))
    (fp_line (start 1.6 -0.8) (end 1.6 0.8) (layer F.Fab) (width 0.1))
    (fp_line (start 1.6 0.8) (end -1.6 0.8) (layer F.Fab) (width 0.1))
    (fp_line (start -1.6 0.8) (end -1.6 -0.8) (layer F.Fab) (width 0.1))
    (fp_text user %R (at 0 -1.75) (layer F.Fab)
      (effects (font (size 1 1) (thickness 0.15)))
    )
    (pad 2 smd rect (at 1.5 0) (size 1 1.6) (layers F.Cu F.Paste F.Mask)
      (net 1 GND))
    (pad 1 smd rect (at -1.5 0) (size 1 1.6) (layers F.Cu F.Paste F.Mask)
      (net 14 /A7))
    (model Capacitors_SMD.3dshapes/C_1206.wrl
      (at (xyz 0 0 0))
      (scale (xyz 1 1 1))
      (rotate (xyz 0 0 0))
    )
  )

  (module Empreintes:C_1206 (layer F.Cu) (tedit 58AA84B8) (tstamp 5DB08141)
    (at 147.725 106.68 180)
    (descr "Capacitor SMD 1206, reflow soldering, AVX (see smccp.pdf)")
    (tags "capacitor 1206")
    (path /5DC88A2F)
    (attr smd)
    (fp_text reference C10 (at -0.103 -1.778 180) (layer F.SilkS)
      (effects (font (size 1 1) (thickness 0.15)))
    )
    (fp_text value 100nF (at 0.024 -0.127 180) (layer F.Fab)
      (effects (font (size 1 1) (thickness 0.15)))
    )
    (fp_text user %R (at 0 -1.75 180) (layer F.Fab)
      (effects (font (size 1 1) (thickness 0.15)))
    )
    (fp_line (start -1.6 0.8) (end -1.6 -0.8) (layer F.Fab) (width 0.1))
    (fp_line (start 1.6 0.8) (end -1.6 0.8) (layer F.Fab) (width 0.1))
    (fp_line (start 1.6 -0.8) (end 1.6 0.8) (layer F.Fab) (width 0.1))
    (fp_line (start -1.6 -0.8) (end 1.6 -0.8) (layer F.Fab) (width 0.1))
    (fp_line (start 1 -1.02) (end -1 -1.02) (layer F.SilkS) (width 0.12))
    (fp_line (start -1 1.02) (end 1 1.02) (layer F.SilkS) (width 0.12))
    (fp_line (start -2.25 -1.05) (end 2.25 -1.05) (layer F.CrtYd) (width 0.05))
    (fp_line (start -2.25 -1.05) (end -2.25 1.05) (layer F.CrtYd) (width 0.05))
    (fp_line (start 2.25 1.05) (end 2.25 -1.05) (layer F.CrtYd) (width 0.05))
    (fp_line (start 2.25 1.05) (end -2.25 1.05) (layer F.CrtYd) (width 0.05))
    (pad 1 smd rect (at -1.5 0 180) (size 1 1.6) (layers F.Cu F.Paste F.Mask)
      (net 15 /A6))
    (pad 2 smd rect (at 1.5 0 180) (size 1 1.6) (layers F.Cu F.Paste F.Mask)
      (net 1 GND))
    (model Capacitors_SMD.3dshapes/C_1206.wrl
      (at (xyz 0 0 0))
      (scale (xyz 1 1 1))
      (rotate (xyz 0 0 0))
    )
  )

  (module Empreintes:C_1206 (layer F.Cu) (tedit 58AA84B8) (tstamp 5DB08152)
    (at 147.725 104.14 180)
    (descr "Capacitor SMD 1206, reflow soldering, AVX (see smccp.pdf)")
    (tags "capacitor 1206")
    (path /5DC9071E)
    (attr smd)
    (fp_text reference C11 (at -0.103 1.778 180) (layer F.SilkS)
      (effects (font (size 1 1) (thickness 0.15)))
    )
    (fp_text value 100nF (at 0 0 180) (layer F.Fab)
      (effects (font (size 1 1) (thickness 0.15)))
    )
    (fp_line (start 2.25 1.05) (end -2.25 1.05) (layer F.CrtYd) (width 0.05))
    (fp_line (start 2.25 1.05) (end 2.25 -1.05) (layer F.CrtYd) (width 0.05))
    (fp_line (start -2.25 -1.05) (end -2.25 1.05) (layer F.CrtYd) (width 0.05))
    (fp_line (start -2.25 -1.05) (end 2.25 -1.05) (layer F.CrtYd) (width 0.05))
    (fp_line (start -1 1.02) (end 1 1.02) (layer F.SilkS) (width 0.12))
    (fp_line (start 1 -1.02) (end -1 -1.02) (layer F.SilkS) (width 0.12))
    (fp_line (start -1.6 -0.8) (end 1.6 -0.8) (layer F.Fab) (width 0.1))
    (fp_line (start 1.6 -0.8) (end 1.6 0.8) (layer F.Fab) (width 0.1))
    (fp_line (start 1.6 0.8) (end -1.6 0.8) (layer F.Fab) (width 0.1))
    (fp_line (start -1.6 0.8) (end -1.6 -0.8) (layer F.Fab) (width 0.1))
    (fp_text user %R (at 0.151 1.905 180) (layer F.Fab)
      (effects (font (size 1 1) (thickness 0.15)))
    )
    (pad 2 smd rect (at 1.5 0 180) (size 1 1.6) (layers F.Cu F.Paste F.Mask)
      (net 1 GND))
    (pad 1 smd rect (at -1.5 0 180) (size 1 1.6) (layers F.Cu F.Paste F.Mask)
      (net 14 /A7))
    (model Capacitors_SMD.3dshapes/C_1206.wrl
      (at (xyz 0 0 0))
      (scale (xyz 1 1 1))
      (rotate (xyz 0 0 0))
    )
  )

  (module Empreintes:C_1206 (layer B.Cu) (tedit 58AA84B8) (tstamp 5DB08163)
    (at 143.788 107.95)
    (descr "Capacitor SMD 1206, reflow soldering, AVX (see smccp.pdf)")
    (tags "capacitor 1206")
    (path /5DCFED85)
    (attr smd)
    (fp_text reference C14 (at 2.897 -0.381 -90) (layer B.SilkS)
      (effects (font (size 1 1) (thickness 0.15)) (justify mirror))
    )
    (fp_text value 100nF (at -0.103 0) (layer B.Fab)
      (effects (font (size 1 1) (thickness 0.15)) (justify mirror))
    )
    (fp_text user %R (at -1.373 -1.651) (layer B.Fab)
      (effects (font (size 1 1) (thickness 0.15)) (justify mirror))
    )
    (fp_line (start -1.6 -0.8) (end -1.6 0.8) (layer B.Fab) (width 0.1))
    (fp_line (start 1.6 -0.8) (end -1.6 -0.8) (layer B.Fab) (width 0.1))
    (fp_line (start 1.6 0.8) (end 1.6 -0.8) (layer B.Fab) (width 0.1))
    (fp_line (start -1.6 0.8) (end 1.6 0.8) (layer B.Fab) (width 0.1))
    (fp_line (start 1 1.02) (end -1 1.02) (layer B.SilkS) (width 0.12))
    (fp_line (start -1 -1.02) (end 1 -1.02) (layer B.SilkS) (width 0.12))
    (fp_line (start -2.25 1.05) (end 2.25 1.05) (layer B.CrtYd) (width 0.05))
    (fp_line (start -2.25 1.05) (end -2.25 -1.05) (layer B.CrtYd) (width 0.05))
    (fp_line (start 2.25 -1.05) (end 2.25 1.05) (layer B.CrtYd) (width 0.05))
    (fp_line (start 2.25 -1.05) (end -2.25 -1.05) (layer B.CrtYd) (width 0.05))
    (pad 1 smd rect (at -1.5 0) (size 1 1.6) (layers B.Cu B.Paste B.Mask)
      (net 29 "Net-(C14-Pad1)"))
    (pad 2 smd rect (at 1.5 0) (size 1 1.6) (layers B.Cu B.Paste B.Mask)
      (net 1 GND))
    (model Capacitors_SMD.3dshapes/C_1206.wrl
      (at (xyz 0 0 0))
      (scale (xyz 1 1 1))
      (rotate (xyz 0 0 0))
    )
  )

  (module Empreintes:Pin_Header_Straight_1x04_Pitch2.54mm (layer B.Cu) (tedit 59492D0F) (tstamp 5EECED94)
    (at 143.51 85.09 270)
    (descr "Through hole straight pin header, 1x04, 2.54mm pitch, single row")
    (tags "Through hole pin header THT 1x04 2.54mm single row")
    (path /5D73CF47)
    (fp_text reference P5 (at -1.905 0) (layer B.SilkS)
      (effects (font (size 1 1) (thickness 0.15)) (justify mirror))
    )
    (fp_text value GPS (at 0 -3.683 180) (layer B.Fab)
      (effects (font (size 1 1) (thickness 0.15)) (justify mirror))
    )
    (fp_line (start 1.6 1.6) (end -1.6 1.6) (layer B.CrtYd) (width 0.05))
    (fp_line (start 1.6 -9.2) (end 1.6 1.6) (layer B.CrtYd) (width 0.05))
    (fp_line (start -1.6 -9.2) (end 1.6 -9.2) (layer B.CrtYd) (width 0.05))
    (fp_line (start -1.6 1.6) (end -1.6 -9.2) (layer B.CrtYd) (width 0.05))
    (fp_line (start -1.39 1.39) (end 0 1.39) (layer B.SilkS) (width 0.12))
    (fp_line (start -1.39 0) (end -1.39 1.39) (layer B.SilkS) (width 0.12))
    (fp_line (start 1.39 -1.27) (end -1.39 -1.27) (layer B.SilkS) (width 0.12))
    (fp_line (start 1.39 -9.01) (end 1.39 -1.27) (layer B.SilkS) (width 0.12))
    (fp_line (start -1.39 -9.01) (end 1.39 -9.01) (layer B.SilkS) (width 0.12))
    (fp_line (start -1.39 -1.27) (end -1.39 -9.01) (layer B.SilkS) (width 0.12))
    (fp_line (start 1.27 1.27) (end -1.27 1.27) (layer B.Fab) (width 0.1))
    (fp_line (start 1.27 -8.89) (end 1.27 1.27) (layer B.Fab) (width 0.1))
    (fp_line (start -1.27 -8.89) (end 1.27 -8.89) (layer B.Fab) (width 0.1))
    (fp_line (start -1.27 1.27) (end -1.27 -8.89) (layer B.Fab) (width 0.1))
    (pad 4 thru_hole oval (at 0 -7.62 270) (size 1.7 1.7) (drill 1) (layers *.Cu *.Mask)
      (net 7 VCC))
    (pad 3 thru_hole oval (at 0 -5.08 270) (size 1.7 1.7) (drill 1) (layers *.Cu *.Mask)
      (net 21 "Net-(P5-Pad3)"))
    (pad 2 thru_hole oval (at 0 -2.54 270) (size 1.7 1.7) (drill 1) (layers *.Cu *.Mask)
      (net 20 "/0(Rx)"))
    (pad 1 thru_hole rect (at 0 0 270) (size 1.7 1.7) (drill 1) (layers *.Cu *.Mask)
      (net 1 GND))
    (model Pin_Headers.3dshapes/Pin_Header_Straight_1x04_Pitch2.54mm.wrl
      (offset (xyz 0 -3.809999942779541 0))
      (scale (xyz 1 1 1))
      (rotate (xyz 0 0 90))
    )
  )

  (module Empreintes:Pin_Header_Straight_1x03_Pitch2.54mm (layer F.Cu) (tedit 5948F238) (tstamp 5EECEDA9)
    (at 135.255 95.25)
    (descr "Through hole straight pin header, 1x03, 2.54mm pitch, single row")
    (tags "Through hole pin header THT 1x03 2.54mm single row")
    (path /5D98E1D3)
    (fp_text reference P6 (at -1.905 1.016 90) (layer F.SilkS)
      (effects (font (size 1 1) (thickness 0.15)))
    )
    (fp_text value HUB/SPORT (at 1.905 2.794 -90) (layer F.Fab)
      (effects (font (size 1 1) (thickness 0.15)))
    )
    (fp_line (start -1.27 -1.27) (end -1.27 6.35) (layer F.Fab) (width 0.1))
    (fp_line (start -1.27 6.35) (end 1.27 6.35) (layer F.Fab) (width 0.1))
    (fp_line (start 1.27 6.35) (end 1.27 -1.27) (layer F.Fab) (width 0.1))
    (fp_line (start 1.27 -1.27) (end -1.27 -1.27) (layer F.Fab) (width 0.1))
    (fp_line (start -1.39 1.27) (end -1.39 6.47) (layer F.SilkS) (width 0.12))
    (fp_line (start -1.39 6.47) (end 1.39 6.47) (layer F.SilkS) (width 0.12))
    (fp_line (start 1.39 6.47) (end 1.39 1.27) (layer F.SilkS) (width 0.12))
    (fp_line (start 1.39 1.27) (end -1.39 1.27) (layer F.SilkS) (width 0.12))
    (fp_line (start -1.39 0) (end -1.39 -1.39) (layer F.SilkS) (width 0.12))
    (fp_line (start -1.39 -1.39) (end 0 -1.39) (layer F.SilkS) (width 0.12))
    (fp_line (start -1.6 -1.6) (end -1.6 6.6) (layer F.CrtYd) (width 0.05))
    (fp_line (start -1.6 6.6) (end 1.6 6.6) (layer F.CrtYd) (width 0.05))
    (fp_line (start 1.6 6.6) (end 1.6 -1.6) (layer F.CrtYd) (width 0.05))
    (fp_line (start 1.6 -1.6) (end -1.6 -1.6) (layer F.CrtYd) (width 0.05))
    (pad 1 thru_hole rect (at 0 0) (size 1.7 1.7) (drill 1) (layers *.Cu *.Mask)
      (net 19 "Net-(P6-Pad1)"))
    (pad 2 thru_hole oval (at 0 2.54) (size 1.7 1.7) (drill 1) (layers *.Cu *.Mask)
      (net 22 "Net-(P6-Pad2)"))
    (pad 3 thru_hole oval (at 0 5.08) (size 1.7 1.7) (drill 1) (layers *.Cu *.Mask)
      (net 4 /4))
    (model Pin_Headers.3dshapes/Pin_Header_Straight_1x03_Pitch2.54mm.wrl
      (offset (xyz 0 -2.539999961853027 0))
      (scale (xyz 1 1 1))
      (rotate (xyz 0 0 90))
    )
  )

  (module Empreintes:Pin_Header_Straight_1x02_Pitch2.54mm (layer F.Cu) (tedit 5948F205) (tstamp 5EECEDBD)
    (at 135.255 87.63)
    (descr "Through hole straight pin header, 1x02, 2.54mm pitch, single row")
    (tags "Through hole pin header THT 1x02 2.54mm single row")
    (path /5D73E361)
    (fp_text reference P7 (at -1.905 1.27 90) (layer F.SilkS)
      (effects (font (size 1 1) (thickness 0.15)))
    )
    (fp_text value PPM (at -2.032 1.397 270) (layer F.Fab)
      (effects (font (size 1 1) (thickness 0.15)))
    )
    (fp_line (start -1.27 -1.27) (end -1.27 3.81) (layer F.Fab) (width 0.1))
    (fp_line (start -1.27 3.81) (end 1.27 3.81) (layer F.Fab) (width 0.1))
    (fp_line (start 1.27 3.81) (end 1.27 -1.27) (layer F.Fab) (width 0.1))
    (fp_line (start 1.27 -1.27) (end -1.27 -1.27) (layer F.Fab) (width 0.1))
